[[1638]
 [1619]
 [1646]]
[[1341]
 [1334]
 [1436]]
[[1720]
 [1767]
 [1789]]
[[1849]
 [1802]
 [1866]]
[[990]
 [970]
 [979]]
[[1147]
 [1260]
 [1273]]
[[1801]
 [1800]
 [1716]]
[[1649]
 [1582]
 [1646]]
[[1103]
 [1255]
 [1268]]
[[1298]
 [1444]
 [1413]]
[[1360]
 [1350]
 [1318]]
[[2100]
 [1928]
 [2067]]
[[1301]
 [1315]
 [1312]]
[[1777]
 [1758]
 [1720]]
[[1697]
 [1692]
 [1686]]
[[1337]
 [1345]
 [1325]]
[[1692]
 [1701]
 [1951]]
[[1056]
 [1034]
 [ 995]]
[[1896]
 [1701]
 [1749]]
[[1677]
 [1678]
 [1679]]
[[1771]
 [1761]
 [1670]]
[[1083]
 [1265]
 [1209]]
[[1887]
 [1890]
 [1886]]
[[1708]
 [1721]
 [2007]]
[[1630]
 [1630]
 [1625]]
[[1131]
 [1121]
 [1251]]
[[1749]
 [1801]
 [1800]]
[[1630]
 [1625]
 [1619]]
[[1670]
 [1851]
 [1896]]
[[2168]
 [1882]
 [1806]]
[[1804]
 [1849]
 [1802]]
[[1744]
 [1741]
 [1705]]
[[984]
 [954]
 [992]]
[[1265]
 [1209]
 [1131]]
[[1398]
 [1402]
 [1374]]
[[1782]
 [1752]
 [1768]]
[[2012]
 [2029]
 [1983]]
[[1767]
 [1789]
 [1801]]
[[1689]
 [1695]
 [1692]]
[[1771]
 [1734]
 [1757]]
[[1402]
 [1391]
 [1398]]
[[1528]
 [1528]
 [1453]]
[[1587]
 [1610]
 [1402]]
[[1480]
 [1567]
 [1528]]
[[1768]
 [1771]
 [1749]]
[[1619]
 [1626]
 [1642]]
[[1121]
 [1251]
 [1173]]
[[1701]
 [1749]
 [1801]]
[[1857]
 [1646]
 [1630]]
[[1003]
 [1056]
 [1034]]
[[1711]
 [1737]
 [1709]]
[[1884]
 [1801]
 [1864]]
[[1273]
 [1201]
 [1284]]
[[2007]
 [2058]
 [2031]]
[[1851]
 [1896]
 [1701]]
[[1723]
 [1895]
 [1816]]
[[1251]
 [1173]
 [1283]]
[[1389]
 [1374]
 [1402]]
[[1646]
 [1600]
 [1644]]
[[1367]
 [1335]
 [1360]]
[[ 973]
 [1002]
 [1011]]
[[1147]
 [1260]
 [1273]]
[[1357]
 [1364]
 [1335]]
[[1218]
 [1189]
 [1110]]
[[1646]
 [1640]
 [1620]]
[[1345]
 [1339]
 [1338]]
[[1890]
 [1886]
 [1891]]
[[1728]
 [1720]
 [1704]]
[[1983]
 [2104]
 [1847]]
[[1402]
 [1367]
 [1391]]
[[1400]
 [1394]
 [1393]]
[[1789]
 [1801]
 [1816]]
[[1355]
 [1337]
 [1345]]
[[2029]
 [1983]
 [2104]]
[[1882]
 [1885]
 [1887]]
[[1391]
 [1400]
 [1394]]
[[2031]
 [2105]
 [2109]]
[[2105]
 [2109]
 [2031]]
[[1758]
 [1720]
 [1767]]
[[970]
 [979]
 [952]]
[[1017]
 [1047]
 [ 978]]
[[1447]
 [1486]
 [1557]]
[[1882]
 [1806]
 [1941]]
[[1500]
 [1540]
 [1510]]
[[1855]
 [1853]
 [1838]]
[[2152]
 [2153]
 [2135]]
[[1480]
 [1543]
 [1486]]
[[1765]
 [1747]
 [1751]]
[[1454]
 [1527]
 [1411]]
[[1644]
 [1671]
 [1657]]
[[1898]
 [1856]
 [1885]]
[[2067]
 [2168]
 [1882]]
[[1864]
 [1723]
 [1895]]
[[1678]
 [1679]
 [1681]]
[[1527]
 [1411]
 [1502]]
[[1686]
 [1690]
 [1689]]
[[1283]
 [1075]
 [1147]]
[[1878]
 [1879]
 [1889]]
[[1364]
 [1335]
 [1341]]
[[1318]
 [1289]
 [1311]]
[[1345]
 [1360]
 [1350]]
[[1657]
 [1617]
 [1673]]
[[1847]
 [2093]
 [1785]]
[[ 968]
 [ 973]
 [1002]]
[[1806]
 [1941]
 [1935]]
[[1800]
 [1716]
 [1857]]
[[1379]
 [1389]
 [1374]]
[[1582]
 [1646]
 [1600]]
[[2091]
 [2111]
 [2067]]
[[1436]
 [1377]
 [1310]]
[[1315]
 [1289]
 [1318]]
[[1374]
 [1379]
 [1389]]
[[2075]
 [2012]
 [2029]]
[[1289]
 [1300]
 [1315]]
[[1928]
 [2067]
 [2116]]
[[1610]
 [1402]
 [1391]]
[[1444]
 [1413]
 [1357]]
[[1690]
 [1680]
 [1697]]
[[1295]
 [1287]
 [1147]]
[[1847]
 [1804]
 [1849]]
[[1782]
 [1768]
 [1771]]
[[1411]
 [1329]
 [1447]]
[[1676]
 [1679]
 [1680]]
[[1453]
 [1571]
 [1468]]
[[2058]
 [2031]
 [2105]]
[[ 954]
 [ 992]
 [1218]]
[[1679]
 [1690]
 [1680]]
[[956]
 [985]
 [967]]
[[1047]
 [ 978]
 [ 952]]
[[1884]
 [1891]
 [1878]]
[[1330]
 [1411]
 [1329]]
[[1110]
 [1116]
 [1109]]
[[985]
 [967]
 [989]]
[[1877]
 [1895]
 [1880]]
[[1540]
 [1510]
 [1480]]
[[1002]
 [1011]
 [1007]]
[[1709]
 [1708]
 [1728]]
[[1188]
 [1083]
 [1265]]
[[1680]
 [1687]
 [1677]]
[[1329]
 [1362]
 [1345]]
[[1486]
 [1579]
 [1622]]
[[1622]
 [1581]
 [1623]]
[[1895]
 [1816]
 [1771]]
[[1315]
 [1312]
 [1289]]
[[2111]
 [2067]
 [2168]]
[[1189]
 [1110]
 [1116]]
[[1251]
 [1173]
 [1057]]
[[1752]
 [1766]
 [1711]]
[[1468]
 [1500]
 [1540]]
[[2116]
 [2075]
 [2012]]
[[1260]
 [1273]
 [1201]]
[[1711]
 [1727]
 [1765]]
[[1959]
 [1884]
 [1801]]
[[1757]
 [1708]
 [1721]]
[[1746]
 [1744]
 [1741]]
[[1701]
 [1951]
 [1984]]
[[1458]
 [1486]
 [1424]]
[[2093]
 [1785]
 [1754]]
[[982]
 [990]
 [970]]
[[1260]
 [1273]
 [1201]]
[[1201]
 [1284]
 [1158]]
[[1360]
 [1345]
 [1339]]
[[1293]
 [1310]
 [1295]]
[[1311]
 [1301]
 [1315]]
[[1737]
 [1732]
 [1726]]
[[1061]
 [1103]
 [1255]]
[[1335]
 [1360]
 [1345]]
[[ 999]
 [1017]
 [1047]]
[[1158]
 [1188]
 [1083]]
[[2067]
 [2116]
 [2075]]
[[1284]
 [1158]
 [1188]]
[[1679]
 [1680]
 [1687]]
[[2031]
 [2105]
 [2152]]
[[989]
 [982]
 [990]]
[[1761]
 [1670]
 [1851]]
[[1754]
 [1775]
 [1766]]
[[1188]
 [1083]
 [1265]]
[[1941]
 [1935]
 [2100]]
[[1795]
 [1868]
 [1855]]
[[1935]
 [2100]
 [1928]]
[[1720]
 [1711]
 [1737]]
[[1671]
 [1657]
 [1617]]
[[1853]
 [1838]
 [1877]]
[[1121]
 [1251]
 [1173]]
[[1677]
 [1688]
 [1689]]
[[1737]
 [1709]
 [1708]]
[[ 962]
 [1021]
 [ 968]]
[[1696]
 [1686]
 [1690]]
[[1377]
 [1310]
 [1397]]
[[1362]
 [1345]
 [1360]]
[[1339]
 [1338]
 [1355]]
[[1866]
 [1839]
 [1814]]
[[1413]
 [1357]
 [1364]]
[[1284]
 [1158]
 [1188]]
[[1951]
 [1984]
 [1903]]
[[1768]
 [1782]
 [1768]]
[[1641]
 [1610]
 [1615]]
[[1528]
 [1453]
 [1571]]
[[2153]
 [2135]
 [2012]]
[[1785]
 [1754]
 [1775]]
[[1886]
 [1891]
 [1884]]
[[1557]
 [1480]
 [1567]]
[[1801]
 [1864]
 [1723]]
[[1568]
 [1458]
 [1486]]
[[1173]
 [1283]
 [1075]]
[[1075]
 [1147]
 [1260]]
[[1209]
 [1131]
 [1121]]
[[1687]
 [1677]
 [1678]]
[[1816]
 [1847]
 [1804]]
[[2104]
 [1847]
 [2093]]
[[967]
 [989]
 [982]]
[[1682]
 [1696]
 [1686]]
[[1138]
 [1290]
 [1225]]
[[1751]
 [1746]
 [1744]]
[[1751]
 [1777]
 [1758]]
[[1618]
 [1676]
 [1679]]
[[1486]
 [1424]
 [1483]]
[[1721]
 [2007]
 [2058]]
[[1857]
 [1795]
 [1868]]
[[1411]
 [1502]
 [1587]]
[[1571]
 [1468]
 [1500]]
[[1816]
 [1771]
 [1734]]
[[1131]
 [1121]
 [1251]]
[[1116]
 [1109]
 [1122]]
[[977]
 [959]
 [974]]
[[1879]
 [1889]
 [1898]]
[[1681]
 [1683]
 [1687]]
[[1671]
 [1649]
 [1582]]
[[1889]
 [1898]
 [1856]]
[[979]
 [952]
 [977]]
[[1300]
 [1315]
 [1289]]
